"J","Jprime","phi","sym","sigma","expsym","intsysmeps","fraction","ss_var","int_constant_ana","ag","bg","cg","C1","C2","CV",
23.6537,-30.4657,0.91043,-0.045522,-0.045522,1.0466,-0.11015,7.6195,-3,7.2805,"0.37","1.3846","0.09231","0.7","1.07888","0.648824",
20.6071,-30.4657,1.0867,-0.099854,-0.14538,1.1565,-0.11015,8.4197,-2.9,,,,,,,,
17.9545,-26.5264,1.0705,-0.10786,-0.25324,1.2882,-0.12223,9.3786,-2.8,,,,,,,,
15.6448,-23.0964,1.0533,-0.10619,-0.35943,1.4325,-0.13603,10.4293,-2.7,,,,,,,,
13.6338,-20.11,1.0348,-0.10441,-0.46383,1.5902,-0.15113,11.5771,-2.6,,,,,,,,
11.8829,-17.5097,1.015,-0.10249,-0.56632,1.7618,-0.1676,12.8265,-2.5,,,,,,,,
10.3583,-15.2456,0.99363,-0.10043,-0.66675,1.9479,-0.18548,14.1816,-2.4,,,,,,,,
9.0309,-13.2743,0.97069,-0.098216,-0.76497,2.1489,-0.20484,15.6451,-2.3,,,,,,,,
7.8751,-11.5579,0.94599,-0.095834,-0.8608,2.3651,-0.2257,17.2187,-2.2,,,,,,,,
6.8687,-10.0634,0.91937,-0.093268,-0.95407,2.5963,-0.24807,18.9019,-2.1,,,,,,,,
5.9925,-8.7622,0.89067,-0.090502,-1.0446,2.8422,-0.27192,20.6924,-2,,,,,,,,
5.2296,-7.6292,0.85969,-0.087518,-1.1321,3.1021,-0.29722,22.5849,-1.9,,,,,,,,
4.5653,-6.6427,0.82623,-0.084296,-1.2164,3.375,-0.32385,24.5713,-1.8,,,,,,,,
3.987,-5.7838,0.79007,-0.080815,-1.2972,3.659,-0.3517,26.6395,-1.7,,,,,,,,
3.4834,-5.0359,0.75099,-0.077053,-1.3743,3.9521,-0.38056,28.7733,-1.6,,,,,,,,
3.0449,-4.3848,0.70872,-0.072985,-1.4472,4.2514,-0.41017,30.9519,-1.5,,,,,,,,
2.6631,-3.8178,0.663,-0.068586,-1.5158,4.5532,-0.44023,33.1492,-1.4,,,,,,,,
2.3307,-3.3241,0.61356,-0.063828,-1.5797,4.8533,-0.47032,35.3341,-1.3,,,,,,,,
2.0413,-2.8943,0.56008,-0.058682,-1.6383,5.1466,-0.49999,37.4696,-1.2,,,,,,,,
1.7893,-2.5201,0.50224,-0.053116,-1.6915,5.4273,-0.5287,39.5136,-1.1,,,,,,,,
1.5698,-2.1942,0.43966,-0.047095,-1.7385,5.6891,-0.55582,41.419,-1,,,,,,,,
1.3788,-1.9105,0.37185,-0.040576,-1.7791,5.9246,-0.58069,43.1342,-0.9,,,,,,,,
1.2124,-1.6635,0.29771,-0.033478,-1.8126,6.1264,-0.60255,44.6027,-0.8,,,,,,,,
1.0676,-1.4484,0.2098,-0.025376,-1.838,6.2838,-0.62051,45.749,-0.7,,,,,,,,
0.94149,-1.2611,0.15971,-0.018475,-1.8565,6.401,-0.63424,46.6021,-0.6,,,,,,,,
0.83169,-1.098,0.059848,-0.010978,-1.8674,6.4716,-0.64363,47.1165,-0.5,,,,,,,,
0.73609,-0.95605,-0.036759,-0.0011545,-1.8686,6.4791,-0.64754,47.1709,-0.4,,,,,,,,
0.65284,-0.83243,-0.13791,0.0087335,-1.8598,6.4228,-0.64509,46.7607,-0.3,,,,,,,,
0.58036,-0.72479,-0.24437,0.019114,-1.8407,6.3012,-0.6362,45.8754,-0.2,,,,,,,,
0.51726,-0.63107,-0.35614,0.030025,-1.8107,6.1148,-0.6208,44.5185,-0.1,,,,,,,,
0.46231,-0.54947,-0.47296,0.041455,-1.7693,5.8665,-0.59906,42.7107,0,,,,,,,,
0.41447,-0.47842,-0.59437,0.053367,-1.7159,5.5616,-0.5714,40.4911,0.1,,,,,,,,
0.37281,-0.41656,-0.71969,0.065703,-1.6502,5.2079,-0.53848,37.9162,0.2,,,,,,,,
0.33654,-0.3627,-0.84811,0.07839,-1.5718,4.8153,-0.50116,35.0575,0.3,,,,,,,,
0.30496,-0.3158,-0.9786,0.091335,-1.4805,4.395,-0.46051,31.9974,0.4,,,,,,,,
0.27746,-0.27497,-1.11,0.10443,-1.376,3.9591,-0.41771,28.8244,0.5,,,,,,,,
0.25352,-0.23941,-1.241,0.11755,-1.2585,3.5201,-0.37396,25.6276,0.6,,,,,,,,
0.23268,-0.20846,-1.3703,0.13057,-1.1279,3.0892,-0.33046,22.4908,0.7,,,,,,,,
0.21453,-0.1815,-1.4963,0.14333,-0.98458,2.6767,-0.28829,19.4875,0.8,,,,,,,,
0.19872,-0.15803,-1.6178,0.15571,-0.82887,2.2907,-0.24837,16.6776,0.9,,,,,,,,
0.18497,-0.1376,-1.7332,0.16755,-0.66133,1.9374,-0.21141,14.1049,1,,,,,,,,
0.17298,-0.11981,-1.8413,0.17872,-0.4826,1.6203,-0.17788,11.7964,1.1,,,,,,,,
0.16255,-0.10431,-1.9411,0.18912,-0.29348,1.3411,-0.14807,9.7638,1.2,,,,,,,,
0.15347,-0.090827,-2.0316,0.19864,-0.094846,1.0995,-0.12203,8.0048,1.3,,,,,,,,
0.14556,-0.079082,-2.1123,0.2072,0.11235,0.89373,-0.099661,6.5068,1.4,,,,,,,,
0.13868,-0.068857,-2.1826,0.21474,0.32709,0.72102,-0.080737,5.2493,1.5,,,,,,,,
0.13268,-0.059953,-2.2424,0.22125,0.54834,0.57791,-0.064946,4.2074,1.6,,,,,,,,
0.12746,-0.052201,-2.2918,0.22671,0.77506,0.46068,-0.051929,3.3539,1.7,,,,,,,,
0.12292,-0.045451,-2.3311,0.23115,1.0062,0.3656,-0.041314,2.6618,1.8,,,,,,,,
0.11896,-0.039574,-2.3607,0.23459,1.2408,0.28916,-0.032738,2.1052,1.9,,,,,,,,
0.11551,-0.034457,-2.3811,0.23709,1.4779,0.22812,-0.025864,1.6608,2,,,,,,,,
0.11251,-0.030002,-2.3931,0.23871,1.7166,0.17968,-0.02039,1.3081,2.1,,,,,,,,
0.1099,-0.026122,-2.3974,0.23953,1.9561,0.14141,-0.016054,1.0295,2.2,,,,,,,,
0.10763,-0.022745,-2.3949,0.23962,2.1957,0.11128,-0.012634,0.81015,2.3,,,,,,,,
0.10565,-0.019804,-2.3862,0.23906,2.4348,0.087616,-0.0099446,0.63788,2.4,,,,,,,,
0.10392,-0.017243,-2.3723,0.23792,2.6727,0.069064,-0.007834,0.50282,2.5,,,,,,,,
0.10242,-0.015013,-2.3537,0.2363,2.909,0.054529,-0.0061797,0.397,2.6,,,,,,,,
0.10111,-0.013072,-2.3313,0.23425,3.1433,0.043142,-0.0048836,0.31409,2.7,,,,,,,,
0.099974,-0.011382,-2.3056,0.23185,3.3751,0.034214,-0.0038678,0.2491,2.8,,,,,,,,
0.098983,-0.0099102,-2.2774,0.22915,3.6043,0.027208,-0.0030711,0.19808,2.9,,,,,,,,
0.09812,-0.0086287,-2.2469,0.22621,3.8305,0.021699,-0.0024453,0.15798,3,,,,,,,,
0.097369,-0.007513,-2.2149,0.22309,4.0536,0.01736,-0.001953,0.12639,3.1,,,,,,,,
0.096715,-0.0065416,-2.1816,0.21982,4.2734,0.013934,-0.0015647,0.10145,3.2,,,,,,,,
0.096145,-0.0056957,-2.1474,0.21645,4.4898,0.011222,-0.0012578,0.081705,3.3,,,,,,,,
0.095649,-0.0049592,-2.1126,0.213,4.7028,0.0090695,-0.0010146,0.06603,3.4,,,,,,,,
0.095218,-0.004318,-2.0776,0.20951,4.9124,0.0073552,-0.00082123,0.053549,3.5,,,,,,,,
0.094842,-0.0037597,-2.0424,0.206,5.1183,0.0059859,-0.00066705,0.04358,3.6,,,,,,,,
0.094514,-0.0032735,-2.0073,0.20248,5.3208,0.0048887,-0.00054373,0.035592,3.7,,,,,,,,
0.094229,-0.0028502,-1.9725,0.19899,5.5198,0.0040066,-0.00044476,0.02917,3.8,,,,,,,,
0.093981,-0.0024817,-1.938,0.19552,5.7153,0.003295,-0.00036508,0.023989,3.9,,,,,,,,
0.093765,-0.0021608,-1.904,0.1921,5.9074,0.0027191,-0.00030071,0.019797,4,,,,,,,,
0.093577,-0.0018814,-1.8705,0.18872,6.0962,0.0022515,-0.00024853,0.016392,4.1,,,,,,,,
0.093413,-0.0016381,-1.8377,0.18541,6.2816,0.0018705,-0.0002061,0.013618,4.2,,,,,,,,
0.09327,-0.0014263,-1.8055,0.18216,6.4637,0.001559,-0.00017147,0.01135,4.3,,,,,,,,
0.093146,-0.0012419,-1.774,0.17898,6.6427,0.0013035,-0.00014312,0.00949,4.4,,,,,,,,
0.093038,-0.0010813,-1.7433,0.17586,6.8186,0.0010933,-0.00011984,0.0079596,4.5,,,,,,,,
0.092944,-0.00094149,-1.7132,0.17283,6.9914,0.00091976,-0.00010065,0.0066963,4.6,,,,,,,,
0.092862,-0.00081975,-1.684,0.16986,7.1613,0.00077608,-8.4792e-05,0.0056502,4.7,,,,,,,,
0.092791,-0.00071375,-1.6554,0.16697,7.3282,0.00065674,-7.1641e-05,0.0047813,4.8,,,,,,,,
0.092728,-0.00062146,-1.6277,0.16416,7.4924,0.00055731,-6.0702e-05,0.0040575,4.9,,,,,,,,
0.092674,-0.00054111,-1.6006,0.16142,7.6538,0.00047424,-5.1578e-05,0.0034527,5,,,,,,,,

