"J","Jprime","phi","sym","sigma","expsym","intsysmeps","fraction","ss_var","int_constant_ana","ag","bg","cg","C1","C2","CV",
23.6914,-33.4694,0.90973,-0.045486,-0.045486,1.0465,-0.11025,2.702,-3,2.5819,"0.2278","1.5439","0.29682","0.7","0.868057","0.806399",
20.3444,-33.4694,1.1219,-0.10158,-0.14707,1.1584,-0.11025,2.9909,-2.9,,,,,,,,
17.4763,-28.6811,1.0964,-0.11091,-0.25798,1.2943,-0.12264,3.3418,-2.8,,,,,,,,
15.0185,-24.5778,1.0686,-0.10825,-0.36623,1.4423,-0.13683,3.7238,-2.7,,,,,,,,
12.9124,-21.0616,1.0386,-0.10536,-0.47159,1.6025,-0.15224,4.1376,-2.6,,,,,,,,
11.1075,-18.0484,1.0059,-0.10222,-0.57382,1.775,-0.16888,4.5829,-2.5,,,,,,,,
9.5609,-15.4663,0.97038,-0.098815,-0.67263,1.9594,-0.18672,5.0589,-2.4,,,,,,,,
8.2355,-13.2536,0.93169,-0.095104,-0.76774,2.1549,-0.20571,5.5637,-2.3,,,,,,,,
7.0998,-11.3575,0.88949,-0.091059,-0.8588,2.3603,-0.22576,6.0941,-2.2,,,,,,,,
6.1265,-9.7327,0.84343,-0.086646,-0.94544,2.574,-0.24671,6.6456,-2.1,,,,,,,,
5.2925,-8.3403,0.79308,-0.081826,-1.0273,2.7934,-0.26837,7.2123,-2,,,,,,,,
4.5778,-7.1471,0.73796,-0.076552,-1.1038,3.0157,-0.29045,7.7861,-1.9,,,,,,,,
3.9653,-6.1246,0.6775,-0.070773,-1.1746,3.2368,-0.31262,8.3571,-1.8,,,,,,,,
3.4405,-5.2484,0.611,-0.064425,-1.239,3.4522,-0.33445,8.9132,-1.7,,,,,,,,
2.9907,-4.4975,0.53756,-0.057428,-1.2964,3.6563,-0.35543,9.4401,-1.6,,,,,,,,
2.6053,-3.8541,0.45589,-0.049673,-1.3461,3.8425,-0.37494,9.9208,-1.5,,,,,,,,
2.2751,-3.3027,0.36401,-0.040995,-1.3871,4.0033,-0.39229,10.336,-1.4,,,,,,,,
1.9921,-2.8302,0.25846,-0.031123,-1.4182,4.1298,-0.40666,10.6628,-1.3,,,,,,,,
1.7495,-2.4253,0.13235,-0.019541,-1.4378,4.2113,-0.41706,10.8732,-1.2,,,,,,,,
1.5417,-2.0783,-0.030572,-0.0050891,-1.4429,4.2328,-0.42221,10.9286,-1.1,,,,,,,,
1.3636,-1.781,-0.28056,0.015556,-1.4273,4.1675,-0.42001,10.7599,-1,,,,,,,,
1.211,-1.5262,-0.88396,0.058226,-1.3691,3.9318,-0.40496,10.1513,-0.9,,,,,,,,
1.0802,-1.3078,14.5762,-0.68461,-2.0537,7.7967,-0.58642,20.1301,-0.8,,,,,,,,
0.96812,-1.1207,0.80112,-0.76886,-2.8226,16.8198,-1.2308,43.4269,-0.7,,,,,,,,
0.87208,-0.9604,0.28258,-0.054185,-2.8767,17.7564,-1.7288,45.8449,-0.6,,,,,,,,
0.78978,-0.823,0.041306,-0.016194,-2.8929,18.0463,-1.7901,46.5934,-0.5,,,,,,,,
0.71926,-0.70526,-0.1259,0.0042296,-2.8887,17.9701,-1.8008,46.3967,-0.4,,,,,,,,
0.65882,-0.60436,-0.26074,0.019332,-2.8694,17.626,-1.7798,45.5084,-0.3,,,,,,,,
0.60703,-0.5179,-0.37665,0.03187,-2.8375,17.0732,-1.735,44.0809,-0.2,,,,,,,,
0.56265,-0.4438,-0.47885,0.042775,-2.7947,16.3582,-1.6716,42.2351,-0.1,,,,,,,,
0.52462,-0.38031,-0.56956,0.052421,-2.7423,15.5228,-1.5941,40.0781,0,,,,,,,,
0.49203,-0.3259,-0.64978,0.060967,-2.6813,14.6047,-1.5064,37.7077,0.1,,,,,,,,
0.4641,-0.27928,-0.72,0.068489,-2.6129,13.6379,-1.4121,35.2116,0.2,,,,,,,,
0.44017,-0.23932,-0.78056,0.075028,-2.5378,12.6522,-1.3145,32.6664,0.3,,,,,,,,
0.41966,-0.20508,-0.83183,0.08062,-2.4572,11.6722,-1.2162,30.1362,0.4,,,,,,,,
0.40209,-0.17574,-0.8742,0.085301,-2.3719,10.7178,-1.1195,27.6722,0.5,,,,,,,,
0.38703,-0.1506,-0.90819,0.089119,-2.2828,9.804,-1.0261,25.3127,0.6,,,,,,,,
0.37412,-0.12905,-0.93439,0.092129,-2.1907,8.9411,-0.93725,23.0849,0.7,,,,,,,,
0.36306,-0.11059,-0.95349,0.094394,-2.0963,8.1357,-0.85384,21.0055,0.8,,,,,,,,
0.35359,-0.09477,-0.96618,0.095983,-2.0003,7.3911,-0.77634,19.0831,0.9,,,,,,,,
0.34546,-0.081212,-0.9732,0.096969,-1.9033,6.7081,-0.70496,17.3195,1,,,,,,,,
0.33851,-0.069593,-0.97527,0.097424,-1.8059,6.0854,-0.63967,15.7117,1.1,,,,,,,,
0.33254,-0.059637,-0.97309,0.097418,-1.7085,5.5205,-0.58029,14.2533,1.2,,,,,,,,
0.32743,-0.051105,-0.96731,0.09702,-1.6115,5.0101,-0.52653,12.9354,1.3,,,,,,,,
0.32305,-0.043794,-0.95852,0.096292,-1.5152,4.5501,-0.47801,11.7479,1.4,,,,,,,,
0.3193,-0.037528,-0.94729,0.095291,-1.4199,4.1366,-0.43434,10.6802,1.5,,,,,,,,
0.31608,-0.032159,-0.93408,0.094069,-1.3258,3.7652,-0.39509,9.7213,1.6,,,,,,,,
0.31333,-0.027558,-0.91933,0.092671,-1.2331,3.432,-0.35986,8.8609,1.7,,,,,,,,
0.31097,-0.023616,-0.90341,0.091137,-1.142,3.133,-0.32825,8.089,1.8,,,,,,,,
0.30894,-0.020237,-0.88663,0.089502,-1.0525,2.8648,-0.29989,7.3965,1.9,,,,,,,,
0.30721,-0.017342,-0.86926,0.087794,-0.9647,2.624,-0.27444,6.7748,2,,,,,,,,
0.30572,-0.014861,-0.85152,0.086039,-0.87866,2.4077,-0.25158,6.2163,2.1,,,,,,,,
0.30445,-0.012735,-0.8336,0.084256,-0.7944,2.2131,-0.23104,5.714,2.2,,,,,,,,
0.30336,-0.010913,-0.81566,0.082463,-0.71194,2.0379,-0.21255,5.2617,2.3,,,,,,,,
0.30242,-0.0093517,-0.79781,0.080673,-0.63126,1.88,-0.1959,4.8539,2.4,,,,,,,,
0.30162,-0.0080138,-0.78016,0.078899,-0.55237,1.7374,-0.18087,4.4857,2.5,,,,,,,,
0.30093,-0.0068673,-0.76279,0.077147,-0.47522,1.6084,-0.16729,4.1526,2.6,,,,,,,,
0.30034,-0.0058848,-0.74575,0.075427,-0.39979,1.4915,-0.15499,3.8509,2.7,,,,,,,,
0.29984,-0.0050429,-0.72909,0.073742,-0.32605,1.3855,-0.14385,3.5772,2.8,,,,,,,,
0.29941,-0.0043215,-0.71284,0.072097,-0.25395,1.2891,-0.13373,3.3283,2.9,,,,,,,,
0.29904,-0.0037032,-0.69704,0.070494,-0.18346,1.2014,-0.12452,3.1018,3,,,,,,,,
0.29872,-0.0031734,-0.68169,0.068936,-0.11452,1.1213,-0.11614,2.8952,3.1,,,,,,,,
0.29845,-0.0027194,-0.6668,0.067424,-0.047099,1.0482,-0.10848,2.7064,3.2,,,,,,,,
0.29822,-0.0023304,-0.65237,0.065958,0.018859,0.98132,-0.10148,2.5336,3.3,,,,,,,,
0.29802,-0.001997,-0.6384,0.064538,0.083398,0.91999,-0.095065,2.3753,3.4,,,,,,,,
0.29785,-0.0017113,-0.62489,0.063165,0.14656,0.86367,-0.089183,2.2299,3.5,,,,,,,,
0.2977,-0.0014664,-0.61183,0.061836,0.2084,0.81188,-0.083778,2.0962,3.6,,,,,,,,
0.29757,-0.0012566,-0.59921,0.060552,0.26895,0.76418,-0.078803,1.973,3.7,,,,,,,,
0.29747,-0.0010769,-0.58702,0.059312,0.32826,0.72017,-0.074218,1.8594,3.8,,,,,,,,
0.29737,-0.0009228,-0.57524,0.058113,0.38638,0.67952,-0.069984,1.7544,3.9,,,,,,,,
0.29729,-0.00079078,-0.56387,0.056955,0.44333,0.64189,-0.06607,1.6573,4,,,,,,,,
0.29723,-0.00067765,-0.55288,0.055837,0.49917,0.60704,-0.062446,1.5673,4.1,,,,,,,,
0.29717,-0.0005807,-0.54227,0.054757,0.55393,0.57469,-0.059086,1.4838,4.2,,,,,,,,
0.29712,-0.00049762,-0.53202,0.053714,0.60764,0.54463,-0.055966,1.4062,4.3,,,,,,,,
0.29708,-0.00042643,-0.52211,0.052706,0.66035,0.51667,-0.053065,1.334,4.4,,,,,,,,
0.29704,-0.00036542,-0.51254,0.051733,0.71208,0.49062,-0.050365,1.2667,4.5,,,,,,,,
0.29701,-0.00031314,-0.50329,0.050792,0.76287,0.46633,-0.047847,1.204,4.6,,,,,,,,
0.29698,-0.00026834,-0.49435,0.049882,0.81275,0.44364,-0.045498,1.1454,4.7,,,,,,,,
0.29696,-0.00022995,-0.48569,0.049002,0.86175,0.42242,-0.043303,1.0906,4.8,,,,,,,,
0.29694,-0.00019706,-0.47733,0.048151,0.90991,0.40256,-0.041249,1.0394,4.9,,,,,,,,
0.29692,-0.00016886,-0.46923,0.047328,0.95723,0.38395,-0.039326,0.99132,5,,,,,,,,

