"J","Jprime","phi","sym","sigma","expsym","intsysmeps","fraction","ss_var","int_constant_ana","ag","bg","cg","C1","C2","CV",
8.997,-10.1696,0.64978,-0.032489,-0.032489,1.033,-0.10713,17.4181,-3,16.8613,"0.19","1.2684","0.46","0.7","0.849883","0.823643",
7.98,-10.1696,0.77871,-0.071424,-0.10391,1.1095,-0.10713,18.7077,-2.9,,,,,,,,
7.0842,-8.9581,0.7532,-0.076596,-0.18051,1.1978,-0.11537,20.197,-2.8,,,,,,,,
6.2951,-7.891,0.72604,-0.073962,-0.25447,1.2898,-0.12438,21.7474,-2.7,,,,,,,,
5.6,-6.951,0.69714,-0.071159,-0.32563,1.3849,-0.13373,23.3513,-2.6,,,,,,,,
4.9877,-6.123,0.66644,-0.068179,-0.39381,1.4826,-0.14338,24.9989,-2.5,,,,,,,,
4.4484,-5.3936,0.63386,-0.065015,-0.45882,1.5822,-0.15324,26.6782,-2.4,,,,,,,,
3.9733,-4.7511,0.59937,-0.061661,-0.52049,1.6828,-0.16325,28.375,-2.3,,,,,,,,
3.5547,-4.1851,0.56294,-0.058115,-0.5786,1.7835,-0.17332,30.0729,-2.2,,,,,,,,
3.1861,-3.6866,0.52456,-0.054375,-0.63298,1.8832,-0.18334,31.7534,-2.1,,,,,,,,
2.8613,-3.2474,0.48426,-0.050441,-0.68342,1.9806,-0.19319,33.3961,-2,,,,,,,,
2.5753,-2.8606,0.4421,-0.046318,-0.72973,2.0745,-0.20276,34.9793,-1.9,,,,,,,,
2.3233,-2.5198,0.39816,-0.042013,-0.77175,2.1635,-0.2119,36.4802,-1.8,,,,,,,,
2.1013,-2.2196,0.3526,-0.037538,-0.80929,2.2463,-0.22049,37.8757,-1.7,,,,,,,,
1.9058,-1.9552,0.30558,-0.032909,-0.84219,2.3215,-0.22839,39.1429,-1.6,,,,,,,,
1.7336,-1.7223,0.25734,-0.028146,-0.87034,2.3877,-0.23546,40.2602,-1.5,,,,,,,,
1.5819,-1.5171,0.20814,-0.023274,-0.89361,2.4439,-0.24158,41.2082,-1.4,,,,,,,,
1.4482,-1.3364,0.1583,-0.018322,-0.91194,2.4891,-0.24665,41.9702,-1.3,,,,,,,,
1.3305,-1.1772,0.10817,-0.013323,-0.92526,2.5225,-0.25058,42.5331,-1.2,,,,,,,,
1.2268,-1.037,0.058114,-0.0083141,-0.93357,2.5436,-0.25331,42.8882,-1.1,,,,,,,,
1.1355,-0.91345,0.0084857,-0.00333,-0.9369,2.5521,-0.25478,43.0313,-1,,,,,,,,
1.055,-0.80464,-0.040695,0.0016105,-0.93529,2.548,-0.255,42.962,-0.9,,,,,,,,
0.98412,-0.70879,-0.082619,0.0061657,-0.92913,2.5323,-0.25401,42.6979,-0.8,,,,,,,,
0.92169,-0.62436,-0.13116,0.010689,-0.91844,2.5054,-0.25188,42.244,-0.7,,,,,,,,
0.86669,-0.54998,-0.17468,0.015292,-0.90315,2.4674,-0.24864,41.6029,-0.6,,,,,,,,
0.81824,-0.48446,-0.21549,0.019508,-0.88364,2.4197,-0.24435,40.7992,-0.5,,,,,,,,
0.77557,-0.42675,-0.25347,0.023448,-0.86019,2.3636,-0.23916,39.8536,-0.4,,,,,,,,
0.73798,-0.37592,-0.28843,0.027095,-0.83309,2.3004,-0.2332,38.7883,-0.3,,,,,,,,
0.70486,-0.33114,-0.32021,0.030432,-0.80266,2.2315,-0.2266,37.6257,-0.2,,,,,,,,
0.67569,-0.29169,-0.34872,0.033446,-0.76922,2.1581,-0.21948,36.388,-0.1,,,,,,,,
0.65,-0.25694,-0.37393,0.036133,-0.73308,2.0815,-0.21198,35.0967,0,,,,,,,,
0.62737,-0.22633,-0.39588,0.038491,-0.69459,2.0029,-0.20422,33.7715,0.1,,,,,,,,
0.60743,-0.19937,-0.41465,0.040527,-0.65407,1.9233,-0.19631,32.4302,0.2,,,,,,,,
0.58987,-0.17562,-0.43035,0.04225,-0.61182,1.8438,-0.18836,31.0886,0.3,,,,,,,,
0.5744,-0.1547,-0.44316,0.043676,-0.56814,1.765,-0.18044,29.76,0.4,,,,,,,,
0.56077,-0.13627,-0.45326,0.044821,-0.52332,1.6876,-0.17263,28.4556,0.5,,,,,,,,
0.54877,-0.12004,-0.46086,0.045706,-0.47761,1.6122,-0.16499,27.1842,0.6,,,,,,,,
0.53819,-0.10574,-0.46617,0.046352,-0.43126,1.5392,-0.15757,25.953,0.7,,,,,,,,
0.52888,-0.093144,-0.46943,0.04678,-0.38448,1.4689,-0.1504,24.7668,0.8,,,,,,,,
0.52067,-0.082049,-0.47086,0.047014,-0.33747,1.4014,-0.14351,23.6294,0.9,,,,,,,,
0.51344,-0.072275,-0.47066,0.047076,-0.29039,1.337,-0.13692,22.5428,1,,,,,,,,
0.50708,-0.063665,-0.46904,0.046985,-0.24341,1.2756,-0.13063,21.5081,1.1,,,,,,,,
0.50147,-0.056081,-0.4662,0.046762,-0.19665,1.2173,-0.12465,20.5255,1.2,,,,,,,,
0.49653,-0.0494,-0.46232,0.046426,-0.15022,1.1621,-0.11897,19.5944,1.3,,,,,,,,
0.49218,-0.043516,-0.45755,0.045993,-0.10423,1.1099,-0.1136,18.7136,1.4,,,,,,,,
0.48835,-0.038332,-0.45205,0.04548,-0.058746,1.0605,-0.10852,17.8815,1.5,,,,,,,,
0.48497,-0.033766,-0.44595,0.0449,-0.013846,1.0139,-0.10372,17.0964,1.6,,,,,,,,
0.48199,-0.029743,-0.43937,0.044266,0.03042,0.97004,-0.099199,16.3561,1.7,,,,,,,,
0.47937,-0.0262,-0.43241,0.043589,0.074009,0.92866,-0.094935,15.6585,1.8,,,,,,,,
0.47707,-0.023079,-0.42517,0.042879,0.11689,0.88968,-0.090917,15.0013,1.9,,,,,,,,
0.47503,-0.02033,-0.41771,0.042144,0.15903,0.85297,-0.087133,14.3822,2,,,,,,,,
0.47324,-0.017908,-0.41012,0.041392,0.20042,0.81838,-0.083568,13.799,2.1,,,,,,,,
0.47166,-0.015775,-0.40245,0.040629,0.24105,0.7858,-0.080209,13.2496,2.2,,,,,,,,
0.47028,-0.013896,-0.39476,0.039861,0.28091,0.75509,-0.077045,12.7319,2.3,,,,,,,,
0.46905,-0.01224,-0.38707,0.039091,0.32,0.72615,-0.074062,12.2438,2.4,,,,,,,,
0.46797,-0.010782,-0.37944,0.038325,0.35833,0.69884,-0.071249,11.7834,2.5,,,,,,,,
0.46702,-0.0094979,-0.37188,0.037566,0.3959,0.67308,-0.068596,11.349,2.6,,,,,,,,
0.46619,-0.0083664,-0.36442,0.036815,0.43271,0.64875,-0.066091,10.9388,2.7,,,,,,,,
0.46545,-0.0073698,-0.35708,0.036075,0.46879,0.62576,-0.063726,10.5512,2.8,,,,,,,,
0.4648,-0.0064919,-0.34988,0.035348,0.50413,0.60403,-0.06149,10.1847,2.9,,,,,,,,
0.46423,-0.0057185,-0.34283,0.034636,0.53877,0.58347,-0.059375,9.838,3,,,,,,,,
0.46372,-0.0050373,-0.33594,0.033938,0.57271,0.564,-0.057373,9.5097,3.1,,,,,,,,
0.46328,-0.0044373,-0.32921,0.033257,0.60596,0.54555,-0.055477,9.1987,3.2,,,,,,,,
0.46289,-0.0039087,-0.32264,0.032593,0.63856,0.52805,-0.05368,8.9037,3.3,,,,,,,,
0.46255,-0.0034431,-0.31625,0.031945,0.6705,0.51145,-0.051975,8.6238,3.4,,,,,,,,
0.46224,-0.0030329,-0.31004,0.031315,0.70182,0.49568,-0.050357,8.3579,3.5,,,,,,,,
0.46198,-0.0026716,-0.30399,0.030701,0.73252,0.4807,-0.048819,8.1052,3.6,,,,,,,,
0.46174,-0.0023534,-0.29812,0.030105,0.76262,0.46644,-0.047357,7.8648,3.7,,,,,,,,
0.46153,-0.002073,-0.29241,0.029526,0.79215,0.45287,-0.045966,7.636,3.8,,,,,,,,
0.46135,-0.0018261,-0.28687,0.028964,0.82111,0.43994,-0.044641,7.418,3.9,,,,,,,,
0.46119,-0.0016086,-0.2815,0.028418,0.84953,0.42761,-0.043378,7.2102,4,,,,,,,,
0.46105,-0.0014169,-0.27628,0.027889,0.87742,0.41585,-0.042173,7.0119,4.1,,,,,,,,
0.46092,-0.0012481,-0.27123,0.027375,0.9048,0.40462,-0.041024,6.8225,4.2,,,,,,,,
0.46081,-0.0010995,-0.26632,0.026877,0.93167,0.39389,-0.039926,6.6416,4.3,,,,,,,,
0.46072,-0.00096849,-0.26156,0.026394,0.95807,0.38363,-0.038876,6.4686,4.4,,,,,,,,
0.46063,-0.00085312,-0.25695,0.025926,0.98399,0.37382,-0.037872,6.303,4.5,,,,,,,,
0.46056,-0.00075149,-0.25247,0.025471,1.0095,0.36441,-0.036911,6.1445,4.6,,,,,,,,
0.46049,-0.00066197,-0.24813,0.02503,1.0345,0.35541,-0.035991,5.9926,4.7,,,,,,,,
0.46043,-0.00058312,-0.24393,0.024603,1.0591,0.34677,-0.035109,5.847,4.8,,,,,,,,
0.46038,-0.00051365,-0.23984,0.024188,1.0833,0.33848,-0.034262,5.7072,4.9,,,,,,,,
0.46033,-0.00045246,-0.23588,0.023786,1.1071,0.33053,-0.03345,5.5731,5,,,,,,,,

