"J","Jprime","phi","sym","sigma","expsym","intsysmeps","fraction","ss_var","int_constant_ana","ag","bg","cg","C1","C2","CV",
6.2953,-5.0975,0.40888,-0.020444,-0.020444,1.0207,-0.10435,52.3657,-3,51.306,"0.47231","0.85815","0.0967","0.7","0.932818","0.750415",
5.7856,-5.0975,0.46856,-0.043872,-0.064316,1.0664,-0.10435,54.7143,-2.9,,,,,,,,
5.3178,-4.6783,0.45507,-0.046181,-0.1105,1.1168,-0.10916,57.3003,-2.8,,,,,,,,
4.8884,-4.2936,0.44094,-0.0448,-0.1553,1.168,-0.11424,59.9257,-2.7,,,,,,,,
4.4943,-3.9405,0.42613,-0.043353,-0.19865,1.2198,-0.11939,62.5809,-2.6,,,,,,,,
4.1327,-3.6165,0.41062,-0.041837,-0.24049,1.2719,-0.12458,65.2546,-2.5,,,,,,,,
3.8008,-3.319,0.39436,-0.040249,-0.28074,1.3241,-0.1298,67.9346,-2.4,,,,,,,,
3.4962,-3.0461,0.37733,-0.038584,-0.31932,1.3762,-0.13501,70.607,-2.3,,,,,,,,
3.2166,-2.7956,0.35948,-0.036841,-0.35616,1.4278,-0.1402,73.2568,-2.2,,,,,,,,
2.9601,-2.5657,0.34079,-0.035014,-0.39118,1.4787,-0.14533,75.8672,-2.1,,,,,,,,
2.7246,-2.3547,0.32122,-0.033101,-0.42428,1.5285,-0.15036,78.4205,-2,,,,,,,,
2.5085,-2.1611,0.30073,-0.031097,-0.45537,1.5768,-0.15526,80.8974,-1.9,,,,,,,,
2.3101,-1.9834,0.27929,-0.029001,-0.48437,1.6232,-0.16,83.2779,-1.8,,,,,,,,
2.1281,-1.8202,0.25688,-0.026809,-0.51118,1.6673,-0.16452,85.5406,-1.7,,,,,,,,
1.9611,-1.6706,0.23348,-0.024518,-0.5357,1.7086,-0.1688,87.6639,-1.6,,,,,,,,
1.8077,-1.5332,0.20909,-0.022128,-0.55783,1.7469,-0.17278,89.6254,-1.5,,,,,,,,
1.667,-1.4071,0.18372,-0.019641,-0.57747,1.7815,-0.17642,91.403,-1.4,,,,,,,,
1.5379,-1.2914,0.15746,-0.017059,-0.59453,1.8122,-0.17969,92.9757,-1.3,,,,,,,,
1.4194,-1.1852,0.13047,-0.014396,-0.60893,1.8385,-0.18253,94.3239,-1.2,,,,,,,,
1.3106,-1.0877,0.10318,-0.011682,-0.62061,1.8601,-0.18493,95.4323,-1.1,,,,,,,,
1.2108,-0.99827,0.076744,-0.008996,-0.6296,1.8769,-0.18685,96.2947,-1,,,,,,,,
1.1192,-0.91618,0.055555,-0.0066149,-0.63622,1.8893,-0.18831,96.9338,-0.9,,,,,,,,
1.0351,-0.84083,0.079612,-0.0067583,-0.64298,1.9021,-0.18957,97.5911,-0.8,,,,,,,,
0.95791,-0.77169,-0.1287,0.0024543,-0.64052,1.8975,-0.18998,97.3519,-0.7,,,,,,,,
0.88709,-0.70823,-0.10878,0.011874,-0.62865,1.8751,-0.18863,96.2027,-0.6,,,,,,,,
0.82209,-0.64998,-0.1358,0.012229,-0.61642,1.8523,-0.18637,95.0334,-0.5,,,,,,,,
0.76244,-0.59653,-0.17082,0.015331,-0.60109,1.8241,-0.18382,93.5875,-0.4,,,,,,,,
0.70769,-0.54748,-0.20948,0.019015,-0.58207,1.7897,-0.18069,91.8248,-0.3,,,,,,,,
0.65744,-0.50245,-0.25056,0.023002,-0.55907,1.749,-0.17694,89.7368,-0.2,,,,,,,,
0.61133,-0.46113,-0.29358,0.027207,-0.53187,1.7021,-0.17256,87.3282,-0.1,,,,,,,,
0.56901,-0.42321,-0.33829,0.031593,-0.50027,1.6492,-0.16756,84.6124,0,,,,,,,,
0.53017,-0.38841,-0.38451,0.03614,-0.46413,1.5906,-0.16199,81.6091,0.1,,,,,,,,
0.49452,-0.35647,-0.43211,0.040831,-0.4233,1.527,-0.15588,78.3441,0.2,,,,,,,,
0.46181,-0.32715,-0.48096,0.045653,-0.37765,1.4589,-0.14929,74.8478,0.3,,,,,,,,
0.43178,-0.30025,-0.53093,0.050595,-0.32705,1.3869,-0.14229,71.1551,0.4,,,,,,,,
0.40423,-0.27556,-0.5819,0.055642,-0.27141,1.3118,-0.13493,67.3041,0.5,,,,,,,,
0.37894,-0.2529,-0.6337,0.06078,-0.21063,1.2345,-0.12731,63.3352,0.6,,,,,,,,
0.35573,-0.2321,-0.68618,0.065994,-0.14464,1.1556,-0.1195,59.2904,0.7,,,,,,,,
0.33443,-0.21301,-0.73916,0.071267,-0.073373,1.0761,-0.11159,55.212,0.8,,,,,,,,
0.31488,-0.1955,-0.79245,0.076581,0.003208,0.9968,-0.10365,51.1417,0.9,,,,,,,,
0.29693,-0.17942,-0.84586,0.081916,0.085124,0.9184,-0.09576,47.1194,1,,,,,,,,
0.28047,-0.16466,-0.89918,0.087252,0.17238,0.84166,-0.088003,43.1824,1.1,,,,,,,,
0.26536,-0.15112,-0.95218,0.092568,0.26494,0.76725,-0.080446,39.3645,1.2,,,,,,,,
0.25149,-0.1387,-1.0046,0.097841,0.36278,0.69574,-0.073149,35.6955,1.3,,,,,,,,
0.23876,-0.12729,-1.0563,0.10305,0.46583,0.62761,-0.066167,32.2003,1.4,,,,,,,,
0.22707,-0.11682,-1.107,0.10817,0.574,0.56327,-0.059544,28.8991,1.5,,,,,,,,
0.21635,-0.10721,-1.1565,0.11317,0.68717,0.503,-0.053313,25.8067,1.6,,,,,,,,
0.20651,-0.098398,-1.2045,0.11805,0.80522,0.44699,-0.047499,22.9332,1.7,,,,,,,,
0.19748,-0.090306,-1.2508,0.12277,0.92799,0.39535,-0.042117,20.2838,1.8,,,,,,,,
0.18919,-0.08288,-1.2953,0.12731,1.0553,0.34809,-0.037172,17.8591,1.9,,,,,,,,
0.18159,-0.076064,-1.3378,0.13166,1.187,0.30515,-0.032662,15.6561,2,,,,,,,,
0.17461,-0.069809,-1.378,0.13579,1.3227,0.2664,-0.028578,13.6681,2.1,,,,,,,,
0.1682,-0.064068,-1.4159,0.1397,1.4624,0.23167,-0.024904,11.8861,2.2,,,,,,,,
0.16232,-0.058799,-1.4514,0.14337,1.6058,0.20073,-0.02162,10.2985,2.3,,,,,,,,
0.15692,-0.053964,-1.4843,0.14678,1.7526,0.17332,-0.018703,8.8926,2.4,,,,,,,,
0.15197,-0.049526,-1.5145,0.14994,1.9025,0.14919,-0.016126,7.6544,2.5,,,,,,,,
0.14743,-0.045453,-1.5421,0.15283,2.0554,0.12805,-0.013862,6.5696,2.6,,,,,,,,
0.14325,-0.041715,-1.5669,0.15545,2.2108,0.10961,-0.011883,5.6238,2.7,,,,,,,,
0.13943,-0.038285,-1.5891,0.1578,2.3686,0.093611,-0.010161,4.8028,2.8,,,,,,,,
0.13591,-0.035136,-1.6085,0.15988,2.5285,0.07978,-0.0086695,4.0932,2.9,,,,,,,,
0.13269,-0.032247,-1.6254,0.1617,2.6902,0.067868,-0.0073824,3.4821,3,,,,,,,,
0.12973,-0.029595,-1.6396,0.16325,2.8534,0.057646,-0.0062757,2.9576,3.1,,,,,,,,
0.12701,-0.027161,-1.6513,0.16455,3.018,0.0489,-0.0053273,2.5089,3.2,,,,,,,,
0.12452,-0.024928,-1.6607,0.1656,3.1836,0.041437,-0.0045169,2.126,3.3,,,,,,,,
0.12223,-0.022878,-1.6677,0.16642,3.35,0.035084,-0.0038261,1.8,3.4,,,,,,,,
0.12013,-0.020996,-1.6725,0.16701,3.517,0.029688,-0.0032386,1.5232,3.5,,,,,,,,
0.11821,-0.01927,-1.6752,0.16739,3.6844,0.025112,-0.00274,1.2884,3.6,,,,,,,,
0.11644,-0.017685,-1.676,0.16756,3.852,0.021238,-0.0023175,1.0896,3.7,,,,,,,,
0.11481,-0.016231,-1.675,0.16755,4.0195,0.017962,-0.00196,0.92156,3.8,,,,,,,,
0.11332,-0.014896,-1.6722,0.16736,4.1869,0.015194,-0.0016578,0.77954,3.9,,,,,,,,
0.11196,-0.013671,-1.6679,0.16701,4.3539,0.012857,-0.0014025,0.65964,4,,,,,,,,
0.1107,-0.012547,-1.6621,0.1665,4.5204,0.010885,-0.0011871,0.55847,4.1,,,,,,,,
0.10955,-0.011515,-1.6551,0.16586,4.6862,0.0092214,-0.0010053,0.47311,4.2,,,,,,,,
0.10849,-0.010568,-1.6468,0.16509,4.8513,0.0078181,-0.00085197,0.40111,4.3,,,,,,,,
0.10752,-0.0096989,-1.6374,0.16421,5.0155,0.0066341,-0.00072261,0.34037,4.4,,,,,,,,
0.10663,-0.0089013,-1.6271,0.16323,5.1788,0.005635,-0.00061346,0.28911,4.5,,,,,,,,
0.10582,-0.0081693,-1.6159,0.16215,5.3409,0.0047915,-0.00052133,0.24583,4.6,,,,,,,,
0.10507,-0.0074975,-1.604,0.16099,5.5019,0.004079,-0.00044353,0.20928,4.7,,,,,,,,
0.10438,-0.0068809,-1.5913,0.15976,5.6617,0.0034767,-0.00037779,0.17838,4.8,,,,,,,,
0.10375,-0.0063151,-1.5781,0.15847,5.8201,0.0029672,-0.0003222,0.15224,4.9,,,,,,,,
0.10317,-0.0057957,-1.5644,0.15713,5.9773,0.0025358,-0.00027515,0.1301,5,,,,,,,,

