"J","Jprime","phi","sym","sigma","expsym","intsysmeps","fraction","ss_var","int_constant_ana","ag","bg","cg","C1","C2","CV",
1011.527,-2957.6414,2.3943,-0.11972,-0.11972,1.1272,-0.13233,0.16592,-3,0.1472,"0.03133","3.4606","0.48087","0.7","0.862074","0.811995",
715.7628,-2957.6414,3.5774,-0.29858,-0.4183,1.5194,-0.13233,0.22365,-2.9,,,,,,,,
506.5194,-2092.4343,3.5487,-0.3563,-0.7746,2.1697,-0.18446,0.31938,-2.8,,,,,,,,
358.4865,-1480.3287,3.5167,-0.35327,-1.1279,3.0891,-0.26294,0.45471,-2.7,,,,,,,,
253.7581,-1047.284,3.4809,-0.34988,-1.4777,4.3831,-0.37361,0.64518,-2.6,,,,,,,,
179.6662,-740.9191,3.4405,-0.34607,-1.8238,6.1955,-0.52893,0.91197,-2.5,,,,,,,,
127.2486,-524.176,3.3946,-0.34175,-2.1656,8.7196,-0.74575,1.2835,-2.4,,,,,,,,
90.1649,-370.8373,3.342,-0.33683,-2.5024,12.2117,-1.0466,1.7976,-2.3,,,,,,,,
63.9294,-262.3552,3.2812,-0.33116,-2.8336,17.0058,-1.4609,2.5032,-2.2,,,,,,,,
45.3686,-185.6077,3.2103,-0.32458,-3.1581,23.5265,-2.0266,3.4631,-2.1,,,,,,,,
32.2375,-131.3114,3.1271,-0.31687,-3.475,32.2979,-2.7912,4.7542,-2,,,,,,,,
22.9476,-92.8985,3.0286,-0.30778,-3.7828,43.9383,-3.8118,6.4677,-1.9,,,,,,,,
16.3754,-65.7226,2.9111,-0.29699,-4.0798,59.132,-5.1535,8.7042,-1.8,,,,,,,,
11.7257,-46.4966,2.7705,-0.28408,-4.3639,78.5592,-6.8846,11.5639,-1.7,,,,,,,,
8.4362,-32.8948,2.6017,-0.26861,-4.6325,102.7665,-9.0663,15.1272,-1.6,,,,,,,,
6.109,-23.272,2.3994,-0.25005,-4.8825,131.9619,-11.7364,19.4247,-1.5,,,,,,,,
4.4626,-16.4642,2.1587,-0.2279,-5.1104,165.7396,-14.8851,24.3967,-1.4,,,,,,,,
3.2978,-11.6479,1.8758,-0.20172,-5.3121,202.7837,-18.4262,29.8496,-1.3,,,,,,,,
2.4738,-8.2405,1.5501,-0.17129,-5.4834,240.671,-22.1727,35.4266,-1.2,,,,,,,,
1.8908,-5.8299,1.1858,-0.13679,-5.6202,275.9511,-25.8311,40.6198,-1.1,,,,,,,,
1.4783,-4.1244,0.79354,-0.098967,-5.7192,304.6583,-29.0305,44.8455,-1,,,,,,,,
1.1865,-2.9179,0.3869,-0.059022,-5.7782,323.1812,-31.392,47.572,-0.9,,,,,,,,
0.98011,-2.0643,0.14379,-0.026535,-5.8047,331.8715,-32.7526,48.8512,-0.8,,,,,,,,
0.83407,-1.4604,-0.30959,0.0082899,-5.7965,329.1317,-33.0502,48.4479,-0.7,,,,,,,,
0.73074,-1.0332,-0.60225,0.045592,-5.7509,314.4628,-32.1797,46.2887,-0.6,,,,,,,,
0.65765,-0.73097,-0.82399,0.071312,-5.6796,292.8188,-30.3641,43.1027,-0.5,,,,,,,,
0.60593,-0.51713,-0.97762,0.09008,-5.5895,267.5947,-28.0207,39.3897,-0.4,,,,,,,,
0.56935,-0.36586,-1.0711,0.10244,-5.487,241.5403,-25.4568,35.5546,-0.3,,,,,,,,
0.54347,-0.25883,-1.116,0.10935,-5.3777,216.5197,-22.903,31.8715,-0.2,,,,,,,,
0.52515,-0.18311,-1.1245,0.11202,-5.2657,193.5741,-20.5047,28.494,-0.1,,,,,,,,
0.5122,-0.12955,-1.1076,0.1116,-5.1541,173.1326,-18.3353,25.485,0,,,,,,,,
0.50303,-0.091651,-1.0744,0.1091,-5.045,155.2379,-16.4185,22.8509,0.1,,,,,,,,
0.49655,-0.06484,-1.0316,0.1053,-4.9397,139.7228,-14.748,20.5671,0.2,,,,,,,,
0.49196,-0.045872,-0.984,0.10078,-4.8389,126.3279,-13.3025,18.5954,0.3,,,,,,,,
0.48872,-0.032453,-0.93488,0.095944,-4.7429,114.7708,-12.0549,16.8942,0.4,,,,,,,,
0.48642,-0.022959,-0.8863,0.091059,-4.6519,104.7816,-10.9776,15.4238,0.5,,,,,,,,
0.4848,-0.016243,-0.83954,0.086292,-4.5656,96.1189,-10.045,14.1486,0.6,,,,,,,,
0.48365,-0.011491,-0.79531,0.081743,-4.4838,88.5744,-9.2347,13.0381,0.7,,,,,,,,
0.48284,-0.0081298,-0.75392,0.077462,-4.4064,81.9723,-8.5273,12.0663,0.8,,,,,,,,
0.48226,-0.0057516,-0.71549,0.073471,-4.3329,76.1657,-7.9069,11.2115,0.9,,,,,,,,
0.48185,-0.004069,-0.67995,0.069772,-4.2631,71.0326,-7.3599,10.456,1,,,,,,,,
0.48157,-0.0028787,-0.64716,0.066355,-4.1968,66.4722,-6.8752,9.7847,1.1,,,,,,,,
0.48136,-0.0020366,-0.61695,0.063206,-4.1336,62.4008,-6.4437,9.1854,1.2,,,,,,,,
0.48122,-0.0014408,-0.58912,0.060304,-4.0733,58.749,-6.0575,8.6478,1.3,,,,,,,,
0.48112,-0.0010193,-0.56346,0.057629,-4.0156,55.4591,-5.7104,8.1635,1.4,,,,,,,,
0.48104,-0.00072115,-0.53977,0.055161,-3.9605,52.4827,-5.3971,7.7254,1.5,,,,,,,,
0.48099,-0.00051019,-0.51787,0.052882,-3.9076,49.7794,-5.1131,7.3275,1.6,,,,,,,,
0.48096,-0.00036094,-0.4976,0.050774,-3.8568,47.3151,-4.8547,6.9647,1.7,,,,,,,,
0.48093,-0.00025535,-0.47879,0.048819,-3.808,45.0606,-4.6188,6.6329,1.8,,,,,,,,
0.48091,-0.00018065,-0.4613,0.047004,-3.761,42.9916,-4.4026,6.3283,1.9,,,,,,,,
0.4809,-0.00012781,-0.44502,0.045316,-3.7157,41.0869,-4.2039,6.048,2,,,,,,,,
0.48089,-9.0419e-05,-0.42982,0.043742,-3.6719,39.3284,-4.0208,5.7891,2.1,,,,,,,,
0.48089,-6.3969e-05,-0.41561,0.042271,-3.6297,37.7006,-3.8514,5.5495,2.2,,,,,,,,
0.48088,-4.5256e-05,-0.40229,0.040895,-3.5888,36.1899,-3.6945,5.3271,2.3,,,,,,,,
0.48088,-3.2017e-05,-0.3898,0.039605,-3.5492,34.7846,-3.5487,5.1203,2.4,,,,,,,,
0.48088,-2.2651e-05,-0.37805,0.038393,-3.5108,33.4745,-3.413,4.9274,2.5,,,,,,,,
0.48087,-1.6025e-05,-0.36699,0.037252,-3.4735,32.2504,-3.2862,4.7472,2.6,,,,,,,,
0.48087,-1.1337e-05,-0.35655,0.036177,-3.4374,31.1046,-3.1678,4.5786,2.7,,,,,,,,
0.48087,-8.0206e-06,-0.34668,0.035161,-3.4022,30.0299,-3.0567,4.4204,2.8,,,,,,,,
0.48087,-5.6743e-06,-0.33735,0.034202,-3.368,29.0202,-2.9525,4.2718,2.9,,,,,,,,
0.48087,-4.0144e-06,-0.3285,0.033293,-3.3347,28.0699,-2.8545,4.1319,3,,,,,,,,
0.48087,-2.84e-06,-0.32011,0.032431,-3.3023,27.1742,-2.7622,4,3.1,,,,,,,,
0.48087,-2.0092e-06,-0.31213,0.031612,-3.2707,26.3286,-2.6751,3.8756,3.2,,,,,,,,
0.48087,-1.4215e-06,-0.30454,0.030834,-3.2398,25.5292,-2.5929,3.7579,3.3,,,,,,,,
0.48087,-1.0056e-06,-0.29731,0.030093,-3.2097,24.7724,-2.5151,3.6465,3.4,,,,,,,,
0.48087,-7.1146e-07,-0.29042,0.029386,-3.1803,24.055,-2.4414,3.5409,3.5,,,,,,,,
0.48087,-5.0333e-07,-0.28384,0.028713,-3.1516,23.3742,-2.3715,3.4407,3.6,,,,,,,,
0.48087,-3.5609e-07,-0.27755,0.028069,-3.1236,22.7272,-2.3051,3.3454,3.7,,,,,,,,
0.48087,-2.5192e-07,-0.27153,0.027454,-3.0961,22.1117,-2.2419,3.2548,3.8,,,,,,,,
0.48087,-1.7823e-07,-0.26577,0.026865,-3.0692,21.5256,-2.1819,3.1686,3.9,,,,,,,,
0.48087,-1.2609e-07,-0.26024,0.0263,-3.0429,20.9669,-2.1246,3.0863,4,,,,,,,,
0.48087,-8.9205e-08,-0.25494,0.025759,-3.0172,20.4337,-2.07,3.0078,4.1,,,,,,,,
0.48087,-6.3109e-08,-0.24986,0.02524,-2.9919,19.9244,-2.0179,2.9329,4.2,,,,,,,,
0.48087,-4.4648e-08,-0.24497,0.024741,-2.9672,19.4375,-1.9681,2.8612,4.3,,,,,,,,
0.48087,-3.1587e-08,-0.24027,0.024262,-2.9429,18.9716,-1.9205,2.7926,4.4,,,,,,,,
0.48087,-2.2347e-08,-0.23575,0.023801,-2.9191,18.5253,-1.8748,2.7269,4.5,,,,,,,,
0.48087,-1.581e-08,-0.23139,0.023357,-2.8958,18.0977,-1.8312,2.664,4.6,,,,,,,,
0.48087,-1.1185e-08,-0.22719,0.022929,-2.8729,17.6874,-1.7893,2.6036,4.7,,,,,,,,
0.48087,-7.9128e-09,-0.22314,0.022517,-2.8503,17.2936,-1.7491,2.5456,4.8,,,,,,,,
0.48087,-5.5981e-09,-0.21924,0.022119,-2.8282,16.9153,-1.7104,2.4899,4.9,,,,,,,,
0.48087,-3.9604e-09,-0.21547,0.021735,-2.8065,16.5516,-1.6733,2.4364,5,,,,,,,,

