"J","Jprime","phi","sym","sigma","expsym","intsysmeps","fraction","ss_var","int_constant_ana","ag","bg","cg","C1","C2","CV",
59.2678,-115.2188,1.4868,-0.074341,-0.074341,1.0772,-0.11777,2.6764,-3,2.4846,"0.08341","2.1854","0.57584","0.7","0.95007","0.736788",
47.7459,-115.2188,1.9368,-0.17118,-0.24552,1.2783,-0.11777,3.1761,-2.9,,,,,,,,
38.4859,-92.6001,1.9092,-0.1923,-0.43782,1.5493,-0.14138,3.8495,-2.8,,,,,,,,
31.0437,-74.4217,1.8784,-0.18938,-0.6272,1.8724,-0.17108,4.6521,-2.7,,,,,,,,
25.0626,-59.8119,1.8441,-0.18613,-0.81333,2.2554,-0.20639,5.6039,-2.6,,,,,,,,
20.2555,-48.0701,1.8057,-0.18249,-0.99582,2.7069,-0.24812,6.7258,-2.5,,,,,,,,
16.3922,-38.6334,1.7626,-0.17841,-1.1742,3.2357,-0.29713,8.0395,-2.4,,,,,,,,
13.2873,-31.0493,1.7141,-0.17383,-1.3481,3.85,-0.35428,9.5658,-2.3,,,,,,,,
10.7919,-24.954,1.6596,-0.16869,-1.5168,4.5574,-0.42037,11.3235,-2.2,,,,,,,,
8.7864,-20.0552,1.5983,-0.1629,-1.6797,5.3637,-0.49605,13.3268,-2.1,,,,,,,,
7.1745,-16.1182,1.5295,-0.15639,-1.836,6.2717,-0.58177,15.5828,-2,,,,,,,,
5.8791,-12.954,1.4524,-0.1491,-1.9851,7.28,-0.67758,18.0883,-1.9,,,,,,,,
4.838,-10.411,1.3665,-0.14095,-2.1261,8.382,-0.7831,20.8262,-1.8,,,,,,,,
4.0013,-8.3672,1.2714,-0.1319,-2.258,9.5638,-0.89729,23.7626,-1.7,,,,,,,,
3.3289,-6.7246,1.167,-0.12192,-2.3799,10.8039,-1.0184,26.8438,-1.6,,,,,,,,
2.7884,-5.4045,1.0537,-0.11104,-2.4909,12.0726,-1.1438,29.9962,-1.5,,,,,,,,
2.3541,-4.3435,0.93224,-0.099296,-2.5902,13.3329,-1.2703,33.1276,-1.4,,,,,,,,
2.005,-3.4909,0.80435,-0.08683,-2.6771,14.5424,-1.3938,36.1326,-1.3,,,,,,,,
1.7244,-2.8056,0.67237,-0.073836,-2.7509,15.6568,-1.51,38.9015,-1.2,,,,,,,,
1.4989,-2.2548,0.53965,-0.060601,-2.8115,16.6349,-1.6146,41.3319,-1.1,,,,,,,,
1.3177,-1.8122,0.41101,-0.047533,-2.859,17.4447,-1.704,43.3439,-1,,,,,,,,
1.1721,-1.4564,0.29573,-0.035337,-2.8944,18.0722,-1.7758,44.903,-0.9,,,,,,,,
1.055,-1.1705,0.24081,-0.026827,-2.9212,18.5636,-1.8318,46.1239,-0.8,,,,,,,,
0.96097,-0.94072,-0.18327,-0.0028771,-2.9241,18.6171,-1.859,46.2568,-0.7,,,,,,,,
0.88536,-0.75604,-0.1424,0.016284,-2.9078,18.3164,-1.8467,45.5096,-0.6,,,,,,,,
0.8246,-0.60762,-0.20866,0.017553,-2.8902,17.9977,-1.8157,44.7178,-0.5,,,,,,,,
0.77576,-0.48834,-0.27387,0.024126,-2.8661,17.5687,-1.7783,43.6518,-0.4,,,,,,,,
0.73652,-0.39247,-0.32919,0.030153,-2.836,17.0468,-1.7308,42.3552,-0.3,,,,,,,,
0.70497,-0.31543,-0.37316,0.035118,-2.8008,16.4586,-1.6753,40.8936,-0.2,,,,,,,,
0.67962,-0.25351,-0.40618,0.038967,-2.7619,15.8296,-1.6144,39.3308,-0.1,,,,,,,,
0.65925,-0.20374,-0.42935,0.041776,-2.7201,15.1819,-1.5506,37.7215,0,,,,,,,,
0.64288,-0.16374,-0.44405,0.04367,-2.6764,14.5332,-1.4858,36.1097,0.1,,,,,,,,
0.62972,-0.1316,-0.4517,0.044787,-2.6316,13.8966,-1.4215,34.5281,0.2,,,,,,,,
0.61914,-0.10576,-0.45367,0.045269,-2.5864,13.2816,-1.3589,32.9999,0.3,,,,,,,,
0.61064,-0.085002,-0.45118,0.045243,-2.5411,12.6941,-1.2988,31.5402,0.4,,,,,,,,
0.60381,-0.068315,-0.44527,0.044823,-2.4963,12.1376,-1.2416,30.1577,0.5,,,,,,,,
0.59832,-0.054904,-0.43684,0.044106,-2.4522,11.6139,-1.1876,28.8565,0.6,,,,,,,,
0.5939,-0.044126,-0.42662,0.043173,-2.409,11.1232,-1.1369,27.6371,0.7,,,,,,,,
0.59036,-0.035463,-0.41518,0.04209,-2.3669,10.6647,-1.0894,26.498,0.8,,,,,,,,
0.58751,-0.028501,-0.40298,0.040908,-2.326,10.2373,-1.0451,25.4359,0.9,,,,,,,,
0.58522,-0.022906,-0.3904,0.039669,-2.2864,9.8391,-1.0038,24.4467,1,,,,,,,,
0.58338,-0.01841,-0.37768,0.038404,-2.248,9.4684,-0.96538,23.5256,1.1,,,,,,,,
0.5819,-0.014796,-0.36505,0.037137,-2.2108,9.1232,-0.92958,22.668,1.2,,,,,,,,
0.58071,-0.011891,-0.35265,0.035885,-2.1749,8.8017,-0.89624,21.869,1.3,,,,,,,,
0.57975,-0.0095567,-0.34058,0.034662,-2.1403,8.5018,-0.86517,21.1239,1.4,,,,,,,,
0.57898,-0.0076806,-0.32891,0.033475,-2.1068,8.2219,-0.83619,20.4285,1.5,,,,,,,,
0.57837,-0.0061728,-0.31769,0.03233,-2.0745,7.9604,-0.80911,19.7786,1.6,,,,,,,,
0.57787,-0.004961,-0.30695,0.031232,-2.0432,7.7156,-0.7838,19.1704,1.7,,,,,,,,
0.57747,-0.0039871,-0.29668,0.030181,-2.0131,7.4862,-0.76009,18.6005,1.8,,,,,,,,
0.57715,-0.0032044,-0.28691,0.029179,-1.9839,7.2709,-0.73785,18.0656,1.9,,,,,,,,
0.57689,-0.0025753,-0.27761,0.028226,-1.9557,7.0685,-0.71697,17.5628,2,,,,,,,,
0.57669,-0.0020698,-0.26877,0.027319,-1.9283,6.8781,-0.69733,17.0895,2.1,,,,,,,,
0.57652,-0.0016635,-0.26038,0.026457,-1.9019,6.6985,-0.67883,16.6433,2.2,,,,,,,,
0.57639,-0.0013369,-0.25241,0.02564,-1.8762,6.5289,-0.66137,16.222,2.3,,,,,,,,
0.57628,-0.0010745,-0.24486,0.024863,-1.8514,6.3686,-0.64487,15.8236,2.4,,,,,,,,
0.57619,-0.00086352,-0.23768,0.024127,-1.8272,6.2168,-0.62927,15.4464,2.5,,,,,,,,
0.57612,-0.000694,-0.23088,0.023428,-1.8038,6.0728,-0.61448,15.0888,2.6,,,,,,,,
0.57607,-0.00055776,-0.22441,0.022764,-1.7811,5.9361,-0.60045,14.7491,2.7,,,,,,,,
0.57602,-0.00044827,-0.21827,0.022134,-1.7589,5.8062,-0.58712,14.4263,2.8,,,,,,,,
0.57599,-0.00036027,-0.21243,0.021535,-1.7374,5.6825,-0.57443,14.1189,2.9,,,,,,,,
0.57596,-0.00028954,-0.20688,0.020965,-1.7164,5.5646,-0.56235,13.826,3,,,,,,,,
0.57594,-0.0002327,-0.20159,0.020423,-1.696,5.4521,-0.55083,13.5465,3.1,,,,,,,,
0.57592,-0.00018702,-0.19655,0.019907,-1.6761,5.3446,-0.53984,13.2795,3.2,,,,,,,,
0.5759,-0.00015031,-0.19175,0.019415,-1.6567,5.2419,-0.52932,13.0242,3.3,,,,,,,,
0.57589,-0.0001208,-0.18717,0.018946,-1.6377,5.1435,-0.51927,12.7797,3.4,,,,,,,,
0.57588,-9.7085e-05,-0.1828,0.018498,-1.6192,5.0492,-0.50964,12.5455,3.5,,,,,,,,
0.57587,-7.8027e-05,-0.17862,0.018071,-1.6012,4.9588,-0.5004,12.3208,3.6,,,,,,,,
0.57587,-6.2709e-05,-0.17462,0.017662,-1.5835,4.872,-0.49154,12.1051,3.7,,,,,,,,
0.57586,-5.0399e-05,-0.17079,0.01727,-1.5662,4.7886,-0.48303,11.8979,3.8,,,,,,,,
0.57586,-4.0505e-05,-0.16713,0.016896,-1.5493,4.7083,-0.47485,11.6985,3.9,,,,,,,,
0.57585,-3.2553e-05,-0.16361,0.016537,-1.5328,4.6311,-0.46697,11.5067,4,,,,,,,,
0.57585,-2.6163e-05,-0.16024,0.016193,-1.5166,4.5567,-0.45939,11.3218,4.1,,,,,,,,
0.57585,-2.1027e-05,-0.157,0.015862,-1.5007,4.485,-0.45209,11.1437,4.2,,,,,,,,
0.57585,-1.6899e-05,-0.15389,0.015545,-1.4852,4.4158,-0.44504,10.9718,4.3,,,,,,,,
0.57585,-1.3581e-05,-0.1509,0.01524,-1.47,4.3491,-0.43824,10.8058,4.4,,,,,,,,
0.57584,-1.0915e-05,-0.14803,0.014947,-1.455,4.2845,-0.43168,10.6455,4.5,,,,,,,,
0.57584,-8.7725e-06,-0.14526,0.014664,-1.4403,4.2222,-0.42533,10.4906,4.6,,,,,,,,
0.57584,-7.0503e-06,-0.14259,0.014392,-1.426,4.1618,-0.4192,10.3407,4.7,,,,,,,,
0.57584,-5.6663e-06,-0.14002,0.01413,-1.4118,4.1034,-0.41326,10.1956,4.8,,,,,,,,
0.57584,-4.5539e-06,-0.13753,0.013878,-1.3979,4.0469,-0.40752,10.0551,4.9,,,,,,,,
0.57584,-3.6599e-06,-0.13514,0.013634,-1.3843,3.9921,-0.40195,9.9189,5,,,,,,,,

