"J","Jprime","phi","sym","sigma","expsym","intsysmeps","fraction","ss_var","int_constant_ana","ag","bg","cg","C1","C2","CV",
10.7921,-11.1539,0.6378,-0.03189,-0.03189,1.0324,-0.10693,12.3681,-3,11.9799,"0.38","1.11","0.17549","0.7","0.997615","0.701673",
9.6767,-11.1539,0.7438,-0.06908,-0.10097,1.1062,-0.10693,13.2527,-2.9,,,,,,,,
8.6785,-9.9821,0.72755,-0.073567,-0.17454,1.1907,-0.11485,14.2645,-2.8,,,,,,,,
7.7851,-8.9333,0.7103,-0.071893,-0.24643,1.2794,-0.12351,15.3277,-2.7,,,,,,,,
6.9857,-7.9948,0.69201,-0.070116,-0.31655,1.3724,-0.13259,16.441,-2.6,,,,,,,,
6.2702,-7.1548,0.67259,-0.06823,-0.38478,1.4693,-0.14208,17.6019,-2.5,,,,,,,,
5.6299,-6.4031,0.65197,-0.066228,-0.451,1.5699,-0.15196,18.8071,-2.4,,,,,,,,
5.0568,-5.7304,0.63008,-0.064103,-0.51511,1.6738,-0.16219,20.0522,-2.3,,,,,,,,
4.544,-5.1284,0.60683,-0.061846,-0.57695,1.7806,-0.17272,21.3315,-2.2,,,,,,,,
4.085,-4.5896,0.58215,-0.059449,-0.6364,1.8897,-0.18351,22.6381,-2.1,,,,,,,,
3.6743,-4.1074,0.55594,-0.056905,-0.69331,2.0003,-0.1945,23.9637,-2,,,,,,,,
3.3067,-3.6759,0.52812,-0.054203,-0.74751,2.1117,-0.2056,25.2984,-1.9,,,,,,,,
2.9777,-3.2897,0.4986,-0.051336,-0.79885,2.223,-0.21674,26.6311,-1.8,,,,,,,,
2.6833,-2.9441,0.46729,-0.048295,-0.84714,2.333,-0.2278,27.9488,-1.7,,,,,,,,
2.4198,-2.6348,0.43409,-0.045069,-0.89221,2.4405,-0.23867,29.2372,-1.6,,,,,,,,
2.184,-2.3579,0.39891,-0.04165,-0.93386,2.5443,-0.24924,30.4807,-1.5,,,,,,,,
1.973,-2.1102,0.36164,-0.038027,-0.97189,2.6429,-0.25936,31.6621,-1.4,,,,,,,,
1.7842,-1.8885,0.32215,-0.034189,-1.0061,2.7348,-0.26889,32.7633,-1.3,,,,,,,,
1.6152,-1.6901,0.28028,-0.030121,-1.0362,2.8185,-0.27767,33.7652,-1.2,,,,,,,,
1.4639,-1.5125,0.23575,-0.025801,-1.062,2.8921,-0.28553,34.6477,-1.1,,,,,,,,
1.3285,-1.3536,0.18795,-0.021185,-1.0832,2.9541,-0.29231,35.3895,-1,,,,,,,,
1.2074,-1.2114,0.13512,-0.016153,-1.0993,3.0022,-0.29781,35.9658,-0.9,,,,,,,,
1.099,-1.0841,0.068231,-0.010167,-1.1095,3.0329,-0.30175,36.3334,-0.8,,,,,,,,
1.002,-0.97024,2.1439,-0.11061,-1.2201,3.3876,-0.32102,40.5829,-0.7,,,,,,,,
0.91514,-0.86831,0.034568,-0.10893,-1.329,3.7774,-0.35825,45.2531,-0.6,,,,,,,,
0.83743,-0.77708,-0.036975,0.00012033,-1.3289,3.777,-0.37772,45.2476,-0.5,,,,,,,,
0.76788,-0.69544,-0.098751,0.0067863,-1.3221,3.7514,-0.37642,44.9416,-0.4,,,,,,,,
0.70565,-0.62238,-0.159,0.012887,-1.3092,3.7034,-0.37274,44.3662,-0.3,,,,,,,,
0.64995,-0.55699,-0.21917,0.018908,-1.2903,3.634,-0.36687,43.5351,-0.2,,,,,,,,
0.6001,-0.49847,-0.27956,0.024937,-1.2654,3.5445,-0.35893,42.4629,-0.1,,,,,,,,
0.55549,-0.4461,-0.34008,0.030982,-1.2344,3.4364,-0.34904,41.1675,0,,,,,,,,
0.51557,-0.39923,-0.40051,0.03703,-1.1974,3.3115,-0.33739,39.671,0.1,,,,,,,,
0.47984,-0.35729,-0.46052,0.043052,-1.1543,3.1719,-0.32417,37.9993,0.2,,,,,,,,
0.44786,-0.31975,-0.51976,0.049014,-1.1053,3.0202,-0.30961,36.1817,0.3,,,,,,,,
0.41925,-0.28616,-0.57784,0.05488,-1.0504,2.8589,-0.29396,34.2496,0.4,,,,,,,,
0.39364,-0.25609,-0.63437,0.06061,-0.98983,2.6908,-0.27748,32.2354,0.5,,,,,,,,
0.37072,-0.22919,-0.68895,0.066166,-0.92366,2.5185,-0.26046,30.1715,0.6,,,,,,,,
0.35021,-0.20511,-0.74122,0.071509,-0.85216,2.3447,-0.24316,28.0893,0.7,,,,,,,,
0.33185,-0.18356,-0.79083,0.076603,-0.77555,2.1718,-0.22582,26.0179,0.8,,,,,,,,
0.31542,-0.16428,-0.83747,0.081415,-0.69414,2.002,-0.20869,23.9836,0.9,,,,,,,,
0.30072,-0.14702,-0.88088,0.085918,-0.60822,1.8372,-0.19196,22.009,1,,,,,,,,
0.28757,-0.13157,-0.92085,0.090087,-0.51813,1.6789,-0.1758,20.113,1.1,,,,,,,,
0.27579,-0.11775,-0.95721,0.093903,-0.42423,1.5284,-0.16037,18.3103,1.2,,,,,,,,
0.26525,-0.10538,-0.98987,0.097354,-0.32688,1.3866,-0.14575,16.6117,1.3,,,,,,,,
0.25582,-0.094306,-1.0188,0.10043,-0.22644,1.2541,-0.13204,15.0244,1.4,,,,,,,,
0.24738,-0.084398,-1.044,0.10314,-0.12331,1.1312,-0.11927,13.5521,1.5,,,,,,,,
0.23983,-0.075531,-1.0655,0.10547,-0.017835,1.018,-0.10746,12.1955,1.6,,,,,,,,
0.23307,-0.067596,-1.0834,0.10744,0.089606,0.91429,-0.096614,10.9532,1.7,,,,,,,,
0.22702,-0.060494,-1.0978,0.10906,0.19867,0.81982,-0.086706,9.8214,1.8,,,,,,,,
0.22161,-0.054138,-1.109,0.11034,0.30901,0.73417,-0.0777,8.7954,1.9,,,,,,,,
0.21676,-0.048451,-1.1171,0.11131,0.42032,0.65684,-0.069551,7.8689,2,,,,,,,,
0.21243,-0.04336,-1.1224,0.11198,0.53229,0.58726,-0.062205,7.0353,2.1,,,,,,,,
0.20854,-0.038805,-1.125,0.11237,0.64466,0.52484,-0.055605,6.2876,2.2,,,,,,,,
0.20507,-0.034728,-1.1251,0.1125,0.75716,0.469,-0.049692,5.6185,2.3,,,,,,,,
0.20196,-0.031079,-1.1231,0.11241,0.86957,0.41913,-0.044406,5.0211,2.4,,,,,,,,
0.19918,-0.027814,-1.1191,0.11211,0.98169,0.37468,-0.03969,4.4886,2.5,,,,,,,,
0.19669,-0.024892,-1.1134,0.11162,1.0933,0.33511,-0.035489,4.0145,2.6,,,,,,,,
0.19447,-0.022277,-1.1061,0.11097,1.2043,0.29991,-0.031751,3.5929,2.7,,,,,,,,
0.19247,-0.019936,-1.0974,0.11018,1.3145,0.26862,-0.028426,3.218,2.8,,,,,,,,
0.19069,-0.017842,-1.0876,0.10925,1.4237,0.24082,-0.025472,2.885,2.9,,,,,,,,
0.18909,-0.015967,-1.0768,0.10822,1.5319,0.21612,-0.022847,2.5891,3,,,,,,,,
0.18766,-0.01429,-1.0652,0.1071,1.639,0.19417,-0.020514,2.3261,3.1,,,,,,,,
0.18638,-0.012788,-1.0529,0.1059,1.7449,0.17465,-0.018441,2.0924,3.2,,,,,,,,
0.18524,-0.011445,-1.04,0.10464,1.8496,0.1573,-0.016598,1.8845,3.3,,,,,,,,
0.18421,-0.010242,-1.0266,0.10333,1.9529,0.14186,-0.014958,1.6995,3.4,,,,,,,,
0.1833,-0.0091664,-1.013,0.10198,2.0549,0.12811,-0.013498,1.5347,3.5,,,,,,,,
0.18248,-0.0082034,-0.99902,0.1006,2.1555,0.11585,-0.012198,1.3878,3.6,,,,,,,,
0.18174,-0.0073415,-0.9849,0.099196,2.2547,0.10491,-0.011038,1.2568,3.7,,,,,,,,
0.18109,-0.0065702,-0.97068,0.097779,2.3525,0.095134,-0.010002,1.1397,3.8,,,,,,,,
0.1805,-0.0058799,-0.95643,0.096355,2.4488,0.086395,-0.0090764,1.035,3.9,,,,,,,,
0.17997,-0.0052622,-0.94218,0.09493,2.5438,0.078571,-0.0082483,0.94127,4,,,,,,,,
0.1795,-0.0047093,-0.928,0.093509,2.6373,0.071557,-0.0075064,0.85724,4.1,,,,,,,,
0.17908,-0.0042146,-0.91391,0.092095,2.7294,0.065261,-0.0068409,0.78182,4.2,,,,,,,,
0.1787,-0.0037718,-0.89996,0.090693,2.8201,0.059603,-0.0062432,0.71403,4.3,,,,,,,,
0.17837,-0.0033755,-0.88617,0.089306,2.9094,0.05451,-0.0057057,0.65303,4.4,,,,,,,,
0.17806,-0.0030209,-0.87256,0.087936,2.9973,0.049922,-0.0052216,0.59806,4.5,,,,,,,,
0.17779,-0.0027035,-0.85916,0.086586,3.0839,0.045781,-0.0047851,0.54845,4.6,,,,,,,,
0.17755,-0.0024195,-0.84597,0.085256,3.1691,0.04204,-0.004391,0.50363,4.7,,,,,,,,
0.17733,-0.0021653,-0.83301,0.083949,3.2531,0.038655,-0.0040347,0.46308,4.8,,,,,,,,
0.17714,-0.0019378,-0.8203,0.082666,3.3358,0.035588,-0.0037121,0.42634,4.9,,,,,,,,
0.17697,-0.0017342,-0.80783,0.081407,3.4172,0.032805,-0.0034197,0.39301,5,,,,,,,,

